#gpvdm_csv {"title":"Refractive index","type":"xy","y_label":"Wavelength","data_label":"Refractive index","y_units":"nm","y_mul":1000000000.0,"data_units":"au","icon":"mat_file","time ":0.0,"Vexternal":0.0,"x_len":1,"y_len":2001,"z_len":1,"cols":"yd"}*
9.000000e-08	1.000049e+00
9.045500e-08	1.000049e+00
9.091000e-08	1.000049e+00
9.136500e-08	1.000049e+00
9.182000e-08	1.000048e+00
9.227500e-08	1.000048e+00
9.273000e-08	1.000048e+00
9.318500e-08	1.000048e+00
9.364000e-08	1.000048e+00
9.409500e-08	1.000047e+00
9.455000e-08	1.000047e+00
9.500500e-08	1.000047e+00
9.546000e-08	1.000047e+00
9.591500e-08	1.000047e+00
9.637000e-08	1.000046e+00
9.682500e-08	1.000046e+00
9.728000e-08	1.000046e+00
9.773500e-08	1.000046e+00
9.819000e-08	1.000046e+00
9.864500e-08	1.000046e+00
9.910000e-08	1.000046e+00
9.955500e-08	1.000045e+00
1.000100e-07	1.000045e+00
1.004650e-07	1.000045e+00
1.009200e-07	1.000045e+00
1.013750e-07	1.000045e+00
1.018300e-07	1.000045e+00
1.022850e-07	1.000045e+00
1.027400e-07	1.000044e+00
1.031950e-07	1.000044e+00
1.036500e-07	1.000044e+00
1.041050e-07	1.000044e+00
1.045600e-07	1.000044e+00
1.050150e-07	1.000044e+00
1.054700e-07	1.000044e+00
1.059250e-07	1.000044e+00
1.063800e-07	1.000043e+00
1.068350e-07	1.000043e+00
1.072900e-07	1.000043e+00
1.077450e-07	1.000043e+00
1.082000e-07	1.000043e+00
1.086550e-07	1.000043e+00
1.091100e-07	1.000043e+00
1.095650e-07	1.000043e+00
1.100200e-07	1.000043e+00
1.104750e-07	1.000043e+00
1.109300e-07	1.000042e+00
1.113850e-07	1.000042e+00
1.118400e-07	1.000042e+00
1.122950e-07	1.000042e+00
1.127500e-07	1.000042e+00
1.132050e-07	1.000042e+00
1.136600e-07	1.000042e+00
1.141150e-07	1.000042e+00
1.145700e-07	1.000042e+00
1.150250e-07	1.000042e+00
1.154800e-07	1.000042e+00
1.159350e-07	1.000042e+00
1.163900e-07	1.000042e+00
1.168450e-07	1.000041e+00
1.173000e-07	1.000041e+00
1.177550e-07	1.000041e+00
1.182100e-07	1.000041e+00
1.186650e-07	1.000041e+00
1.191200e-07	1.000041e+00
1.195750e-07	1.000041e+00
1.200300e-07	1.000041e+00
1.204850e-07	1.000041e+00
1.209400e-07	1.000041e+00
1.213950e-07	1.000041e+00
1.218500e-07	1.000041e+00
1.223050e-07	1.000041e+00
1.227600e-07	1.000041e+00
1.232150e-07	1.000041e+00
1.236700e-07	1.000041e+00
1.241250e-07	1.000040e+00
1.245800e-07	1.000040e+00
1.250350e-07	1.000040e+00
1.254900e-07	1.000040e+00
1.259450e-07	1.000040e+00
1.264000e-07	1.000040e+00
1.268550e-07	1.000040e+00
1.273100e-07	1.000040e+00
1.277650e-07	1.000040e+00
1.282200e-07	1.000040e+00
1.286750e-07	1.000040e+00
1.291300e-07	1.000040e+00
1.295850e-07	1.000040e+00
1.300400e-07	1.000040e+00
1.304950e-07	1.000040e+00
1.309500e-07	1.000040e+00
1.314050e-07	1.000040e+00
1.318600e-07	1.000040e+00
1.323150e-07	1.000040e+00
1.327700e-07	1.000040e+00
1.332250e-07	1.000040e+00
1.336800e-07	1.000039e+00
1.341350e-07	1.000039e+00
1.345900e-07	1.000039e+00
1.350450e-07	1.000039e+00
1.355000e-07	1.000039e+00
1.359550e-07	1.000039e+00
1.364100e-07	1.000039e+00
1.368650e-07	1.000039e+00
1.373200e-07	1.000039e+00
1.377750e-07	1.000039e+00
1.382300e-07	1.000039e+00
1.386850e-07	1.000039e+00
1.391400e-07	1.000039e+00
1.395950e-07	1.000039e+00
1.400500e-07	1.000039e+00
1.405050e-07	1.000039e+00
1.409600e-07	1.000039e+00
1.414150e-07	1.000039e+00
1.418700e-07	1.000039e+00
1.423250e-07	1.000039e+00
1.427800e-07	1.000039e+00
1.432350e-07	1.000039e+00
1.436900e-07	1.000039e+00
1.441450e-07	1.000039e+00
1.446000e-07	1.000039e+00
1.450550e-07	1.000039e+00
1.455100e-07	1.000039e+00
1.459650e-07	1.000039e+00
1.464200e-07	1.000039e+00
1.468750e-07	1.000039e+00
1.473300e-07	1.000038e+00
1.477850e-07	1.000038e+00
1.482400e-07	1.000038e+00
1.486950e-07	1.000038e+00
1.491500e-07	1.000038e+00
1.496050e-07	1.000038e+00
1.500600e-07	1.000038e+00
1.505150e-07	1.000038e+00
1.509700e-07	1.000038e+00
1.514250e-07	1.000038e+00
1.518800e-07	1.000038e+00
1.523350e-07	1.000038e+00
1.527900e-07	1.000038e+00
1.532450e-07	1.000038e+00
1.537000e-07	1.000038e+00
1.541550e-07	1.000038e+00
1.546100e-07	1.000038e+00
1.550650e-07	1.000038e+00
1.555200e-07	1.000038e+00
1.559750e-07	1.000038e+00
1.564300e-07	1.000038e+00
1.568850e-07	1.000038e+00
1.573400e-07	1.000038e+00
1.577950e-07	1.000038e+00
1.582500e-07	1.000038e+00
1.587050e-07	1.000038e+00
1.591600e-07	1.000038e+00
1.596150e-07	1.000038e+00
1.600700e-07	1.000038e+00
1.605250e-07	1.000038e+00
1.609800e-07	1.000038e+00
1.614350e-07	1.000038e+00
1.618900e-07	1.000038e+00
1.623450e-07	1.000038e+00
1.628000e-07	1.000038e+00
1.632550e-07	1.000038e+00
1.637100e-07	1.000038e+00
1.641650e-07	1.000038e+00
1.646200e-07	1.000038e+00
1.650750e-07	1.000038e+00
1.655300e-07	1.000038e+00
1.659850e-07	1.000038e+00
1.664400e-07	1.000038e+00
1.668950e-07	1.000038e+00
1.673500e-07	1.000037e+00
1.678050e-07	1.000037e+00
1.682600e-07	1.000037e+00
1.687150e-07	1.000037e+00
1.691700e-07	1.000037e+00
1.696250e-07	1.000037e+00
1.700800e-07	1.000037e+00
1.705350e-07	1.000037e+00
1.709900e-07	1.000037e+00
1.714450e-07	1.000037e+00
1.719000e-07	1.000037e+00
1.723550e-07	1.000037e+00
1.728100e-07	1.000037e+00
1.732650e-07	1.000037e+00
1.737200e-07	1.000037e+00
1.741750e-07	1.000037e+00
1.746300e-07	1.000037e+00
1.750850e-07	1.000037e+00
1.755400e-07	1.000037e+00
1.759950e-07	1.000037e+00
1.764500e-07	1.000037e+00
1.769050e-07	1.000037e+00
1.773600e-07	1.000037e+00
1.778150e-07	1.000037e+00
1.782700e-07	1.000037e+00
1.787250e-07	1.000037e+00
1.791800e-07	1.000037e+00
1.796350e-07	1.000037e+00
1.800900e-07	1.000037e+00
1.805450e-07	1.000037e+00
1.810000e-07	1.000037e+00
1.814550e-07	1.000037e+00
1.819100e-07	1.000037e+00
1.823650e-07	1.000037e+00
1.828200e-07	1.000037e+00
1.832750e-07	1.000037e+00
1.837300e-07	1.000037e+00
1.841850e-07	1.000037e+00
1.846400e-07	1.000037e+00
1.850950e-07	1.000037e+00
1.855500e-07	1.000037e+00
1.860050e-07	1.000037e+00
1.864600e-07	1.000037e+00
1.869150e-07	1.000037e+00
1.873700e-07	1.000037e+00
1.878250e-07	1.000037e+00
1.882800e-07	1.000037e+00
1.887350e-07	1.000037e+00
1.891900e-07	1.000037e+00
1.896450e-07	1.000037e+00
1.901000e-07	1.000037e+00
1.905550e-07	1.000037e+00
1.910100e-07	1.000037e+00
1.914650e-07	1.000037e+00
1.919200e-07	1.000037e+00
1.923750e-07	1.000037e+00
1.928300e-07	1.000037e+00
1.932850e-07	1.000037e+00
1.937400e-07	1.000037e+00
1.941950e-07	1.000037e+00
1.946500e-07	1.000037e+00
1.951050e-07	1.000037e+00
1.955600e-07	1.000037e+00
1.960150e-07	1.000037e+00
1.964700e-07	1.000037e+00
1.969250e-07	1.000037e+00
1.973800e-07	1.000037e+00
1.978350e-07	1.000037e+00
1.982900e-07	1.000037e+00
1.987450e-07	1.000037e+00
1.992000e-07	1.000037e+00
1.996550e-07	1.000037e+00
2.001100e-07	1.000037e+00
2.005650e-07	1.000037e+00
2.010200e-07	1.000037e+00
2.014750e-07	1.000037e+00
2.019300e-07	1.000037e+00
2.023850e-07	1.000037e+00
2.028400e-07	1.000037e+00
2.032950e-07	1.000037e+00
2.037500e-07	1.000036e+00
2.042050e-07	1.000036e+00
2.046600e-07	1.000036e+00
2.051150e-07	1.000036e+00
2.055700e-07	1.000036e+00
2.060250e-07	1.000036e+00
2.064800e-07	1.000036e+00
2.069350e-07	1.000036e+00
2.073900e-07	1.000036e+00
2.078450e-07	1.000036e+00
2.083000e-07	1.000036e+00
2.087550e-07	1.000036e+00
2.092100e-07	1.000036e+00
2.096650e-07	1.000036e+00
2.101200e-07	1.000036e+00
2.105750e-07	1.000036e+00
2.110300e-07	1.000036e+00
2.114850e-07	1.000036e+00
2.119400e-07	1.000036e+00
2.123950e-07	1.000036e+00
2.128500e-07	1.000036e+00
2.133050e-07	1.000036e+00
2.137600e-07	1.000036e+00
2.142150e-07	1.000036e+00
2.146700e-07	1.000036e+00
2.151250e-07	1.000036e+00
2.155800e-07	1.000036e+00
2.160350e-07	1.000036e+00
2.164900e-07	1.000036e+00
2.169450e-07	1.000036e+00
2.174000e-07	1.000036e+00
2.178550e-07	1.000036e+00
2.183100e-07	1.000036e+00
2.187650e-07	1.000036e+00
2.192200e-07	1.000036e+00
2.196750e-07	1.000036e+00
2.201300e-07	1.000036e+00
2.205850e-07	1.000036e+00
2.210400e-07	1.000036e+00
2.214950e-07	1.000036e+00
2.219500e-07	1.000036e+00
2.224050e-07	1.000036e+00
2.228600e-07	1.000036e+00
2.233150e-07	1.000036e+00
2.237700e-07	1.000036e+00
2.242250e-07	1.000036e+00
2.246800e-07	1.000036e+00
2.251350e-07	1.000036e+00
2.255900e-07	1.000036e+00
2.260450e-07	1.000036e+00
2.265000e-07	1.000036e+00
2.269550e-07	1.000036e+00
2.274100e-07	1.000036e+00
2.278650e-07	1.000036e+00
2.283200e-07	1.000036e+00
2.287750e-07	1.000036e+00
2.292300e-07	1.000036e+00
2.296850e-07	1.000036e+00
2.301400e-07	1.000036e+00
2.305950e-07	1.000036e+00
2.310500e-07	1.000036e+00
2.315050e-07	1.000036e+00
2.319600e-07	1.000036e+00
2.324150e-07	1.000036e+00
2.328700e-07	1.000036e+00
2.333250e-07	1.000036e+00
2.337800e-07	1.000036e+00
2.342350e-07	1.000036e+00
2.346900e-07	1.000036e+00
2.351450e-07	1.000036e+00
2.356000e-07	1.000036e+00
2.360550e-07	1.000036e+00
2.365100e-07	1.000036e+00
2.369650e-07	1.000036e+00
2.374200e-07	1.000036e+00
2.378750e-07	1.000036e+00
2.383300e-07	1.000036e+00
2.387850e-07	1.000036e+00
2.392400e-07	1.000036e+00
2.396950e-07	1.000036e+00
2.401500e-07	1.000036e+00
2.406050e-07	1.000036e+00
2.410600e-07	1.000036e+00
2.415150e-07	1.000036e+00
2.419700e-07	1.000036e+00
2.424250e-07	1.000036e+00
2.428800e-07	1.000036e+00
2.433350e-07	1.000036e+00
2.437900e-07	1.000036e+00
2.442450e-07	1.000036e+00
2.447000e-07	1.000036e+00
2.451550e-07	1.000036e+00
2.456100e-07	1.000036e+00
2.460650e-07	1.000036e+00
2.465200e-07	1.000036e+00
2.469750e-07	1.000036e+00
2.474300e-07	1.000036e+00
2.478850e-07	1.000036e+00
2.483400e-07	1.000036e+00
2.487950e-07	1.000036e+00
2.492500e-07	1.000036e+00
2.497050e-07	1.000036e+00
2.501600e-07	1.000036e+00
2.506150e-07	1.000036e+00
2.510700e-07	1.000036e+00
2.515250e-07	1.000036e+00
2.519800e-07	1.000036e+00
2.524350e-07	1.000036e+00
2.528900e-07	1.000036e+00
2.533450e-07	1.000036e+00
2.538000e-07	1.000036e+00
2.542550e-07	1.000036e+00
2.547100e-07	1.000036e+00
2.551650e-07	1.000036e+00
2.556200e-07	1.000036e+00
2.560750e-07	1.000036e+00
2.565300e-07	1.000036e+00
2.569850e-07	1.000036e+00
2.574400e-07	1.000036e+00
2.578950e-07	1.000036e+00
2.583500e-07	1.000036e+00
2.588050e-07	1.000036e+00
2.592600e-07	1.000036e+00
2.597150e-07	1.000036e+00
2.601700e-07	1.000036e+00
2.606250e-07	1.000036e+00
2.610800e-07	1.000036e+00
2.615350e-07	1.000036e+00
2.619900e-07	1.000036e+00
2.624450e-07	1.000036e+00
2.629000e-07	1.000036e+00
2.633550e-07	1.000036e+00
2.638100e-07	1.000036e+00
2.642650e-07	1.000036e+00
2.647200e-07	1.000036e+00
2.651750e-07	1.000036e+00
2.656300e-07	1.000036e+00
2.660850e-07	1.000036e+00
2.665400e-07	1.000036e+00
2.669950e-07	1.000036e+00
2.674500e-07	1.000036e+00
2.679050e-07	1.000036e+00
2.683600e-07	1.000036e+00
2.688150e-07	1.000036e+00
2.692700e-07	1.000036e+00
2.697250e-07	1.000036e+00
2.701800e-07	1.000036e+00
2.706350e-07	1.000036e+00
2.710900e-07	1.000036e+00
2.715450e-07	1.000036e+00
2.720000e-07	1.000036e+00
2.724550e-07	1.000036e+00
2.729100e-07	1.000036e+00
2.733650e-07	1.000036e+00
2.738200e-07	1.000036e+00
2.742750e-07	1.000036e+00
2.747300e-07	1.000036e+00
2.751850e-07	1.000036e+00
2.756400e-07	1.000036e+00
2.760950e-07	1.000036e+00
2.765500e-07	1.000036e+00
2.770050e-07	1.000036e+00
2.774600e-07	1.000036e+00
2.779150e-07	1.000036e+00
2.783700e-07	1.000036e+00
2.788250e-07	1.000036e+00
2.792800e-07	1.000036e+00
2.797350e-07	1.000036e+00
2.801900e-07	1.000036e+00
2.806450e-07	1.000036e+00
2.811000e-07	1.000036e+00
2.815550e-07	1.000036e+00
2.820100e-07	1.000036e+00
2.824650e-07	1.000036e+00
2.829200e-07	1.000036e+00
2.833750e-07	1.000036e+00
2.838300e-07	1.000036e+00
2.842850e-07	1.000036e+00
2.847400e-07	1.000036e+00
2.851950e-07	1.000036e+00
2.856500e-07	1.000036e+00
2.861050e-07	1.000036e+00
2.865600e-07	1.000036e+00
2.870150e-07	1.000036e+00
2.874700e-07	1.000036e+00
2.879250e-07	1.000036e+00
2.883800e-07	1.000036e+00
2.888350e-07	1.000036e+00
2.892900e-07	1.000036e+00
2.897450e-07	1.000036e+00
2.902000e-07	1.000036e+00
2.906550e-07	1.000036e+00
2.911100e-07	1.000036e+00
2.915650e-07	1.000036e+00
2.920200e-07	1.000036e+00
2.924750e-07	1.000036e+00
2.929300e-07	1.000036e+00
2.933850e-07	1.000036e+00
2.938400e-07	1.000036e+00
2.942950e-07	1.000036e+00
2.947500e-07	1.000036e+00
2.952050e-07	1.000036e+00
2.956600e-07	1.000036e+00
2.961150e-07	1.000036e+00
2.965700e-07	1.000035e+00
2.970250e-07	1.000035e+00
2.974800e-07	1.000035e+00
2.979350e-07	1.000035e+00
2.983900e-07	1.000035e+00
2.988450e-07	1.000035e+00
2.993000e-07	1.000035e+00
2.997550e-07	1.000035e+00
3.002100e-07	1.000035e+00
3.006650e-07	1.000035e+00
3.011200e-07	1.000035e+00
3.015750e-07	1.000035e+00
3.020300e-07	1.000035e+00
3.024850e-07	1.000035e+00
3.029400e-07	1.000035e+00
3.033950e-07	1.000035e+00
3.038500e-07	1.000035e+00
3.043050e-07	1.000035e+00
3.047600e-07	1.000035e+00
3.052150e-07	1.000035e+00
3.056700e-07	1.000035e+00
3.061250e-07	1.000035e+00
3.065800e-07	1.000035e+00
3.070350e-07	1.000035e+00
3.074900e-07	1.000035e+00
3.079450e-07	1.000035e+00
3.084000e-07	1.000035e+00
3.088550e-07	1.000035e+00
3.093100e-07	1.000035e+00
3.097650e-07	1.000035e+00
3.102200e-07	1.000035e+00
3.106750e-07	1.000035e+00
3.111300e-07	1.000035e+00
3.115850e-07	1.000035e+00
3.120400e-07	1.000035e+00
3.124950e-07	1.000035e+00
3.129500e-07	1.000035e+00
3.134050e-07	1.000035e+00
3.138600e-07	1.000035e+00
3.143150e-07	1.000035e+00
3.147700e-07	1.000035e+00
3.152250e-07	1.000035e+00
3.156800e-07	1.000035e+00
3.161350e-07	1.000035e+00
3.165900e-07	1.000035e+00
3.170450e-07	1.000035e+00
3.175000e-07	1.000035e+00
3.179550e-07	1.000035e+00
3.184100e-07	1.000035e+00
3.188650e-07	1.000035e+00
3.193200e-07	1.000035e+00
3.197750e-07	1.000035e+00
3.202300e-07	1.000035e+00
3.206850e-07	1.000035e+00
3.211400e-07	1.000035e+00
3.215950e-07	1.000035e+00
3.220500e-07	1.000035e+00
3.225050e-07	1.000035e+00
3.229600e-07	1.000035e+00
3.234150e-07	1.000035e+00
3.238700e-07	1.000035e+00
3.243250e-07	1.000035e+00
3.247800e-07	1.000035e+00
3.252350e-07	1.000035e+00
3.256900e-07	1.000035e+00
3.261450e-07	1.000035e+00
3.266000e-07	1.000035e+00
3.270550e-07	1.000035e+00
3.275100e-07	1.000035e+00
3.279650e-07	1.000035e+00
3.284200e-07	1.000035e+00
3.288750e-07	1.000035e+00
3.293300e-07	1.000035e+00
3.297850e-07	1.000035e+00
3.302400e-07	1.000035e+00
3.306950e-07	1.000035e+00
3.311500e-07	1.000035e+00
3.316050e-07	1.000035e+00
3.320600e-07	1.000035e+00
3.325150e-07	1.000035e+00
3.329700e-07	1.000035e+00
3.334250e-07	1.000035e+00
3.338800e-07	1.000035e+00
3.343350e-07	1.000035e+00
3.347900e-07	1.000035e+00
3.352450e-07	1.000035e+00
3.357000e-07	1.000035e+00
3.361550e-07	1.000035e+00
3.366100e-07	1.000035e+00
3.370650e-07	1.000035e+00
3.375200e-07	1.000035e+00
3.379750e-07	1.000035e+00
3.384300e-07	1.000035e+00
3.388850e-07	1.000035e+00
3.393400e-07	1.000035e+00
3.397950e-07	1.000035e+00
3.402500e-07	1.000035e+00
3.407050e-07	1.000035e+00
3.411600e-07	1.000035e+00
3.416150e-07	1.000035e+00
3.420700e-07	1.000035e+00
3.425250e-07	1.000035e+00
3.429800e-07	1.000035e+00
3.434350e-07	1.000035e+00
3.438900e-07	1.000035e+00
3.443450e-07	1.000035e+00
3.448000e-07	1.000035e+00
3.452550e-07	1.000035e+00
3.457100e-07	1.000035e+00
3.461650e-07	1.000035e+00
3.466200e-07	1.000035e+00
3.470750e-07	1.000035e+00
3.475300e-07	1.000035e+00
3.479850e-07	1.000035e+00
3.484400e-07	1.000035e+00
3.488950e-07	1.000035e+00
3.493500e-07	1.000035e+00
3.498050e-07	1.000035e+00
3.502600e-07	1.000035e+00
3.507150e-07	1.000035e+00
3.511700e-07	1.000035e+00
3.516250e-07	1.000035e+00
3.520800e-07	1.000035e+00
3.525350e-07	1.000035e+00
3.529900e-07	1.000035e+00
3.534450e-07	1.000035e+00
3.539000e-07	1.000035e+00
3.543550e-07	1.000035e+00
3.548100e-07	1.000035e+00
3.552650e-07	1.000035e+00
3.557200e-07	1.000035e+00
3.561750e-07	1.000035e+00
3.566300e-07	1.000035e+00
3.570850e-07	1.000035e+00
3.575400e-07	1.000035e+00
3.579950e-07	1.000035e+00
3.584500e-07	1.000035e+00
3.589050e-07	1.000035e+00
3.593600e-07	1.000035e+00
3.598150e-07	1.000035e+00
3.602700e-07	1.000035e+00
3.607250e-07	1.000035e+00
3.611800e-07	1.000035e+00
3.616350e-07	1.000035e+00
3.620900e-07	1.000035e+00
3.625450e-07	1.000035e+00
3.630000e-07	1.000035e+00
3.634550e-07	1.000035e+00
3.639100e-07	1.000035e+00
3.643650e-07	1.000035e+00
3.648200e-07	1.000035e+00
3.652750e-07	1.000035e+00
3.657300e-07	1.000035e+00
3.661850e-07	1.000035e+00
3.666400e-07	1.000035e+00
3.670950e-07	1.000035e+00
3.675500e-07	1.000035e+00
3.680050e-07	1.000035e+00
3.684600e-07	1.000035e+00
3.689150e-07	1.000035e+00
3.693700e-07	1.000035e+00
3.698250e-07	1.000035e+00
3.702800e-07	1.000035e+00
3.707350e-07	1.000035e+00
3.711900e-07	1.000035e+00
3.716450e-07	1.000035e+00
3.721000e-07	1.000035e+00
3.725550e-07	1.000035e+00
3.730100e-07	1.000035e+00
3.734650e-07	1.000035e+00
3.739200e-07	1.000035e+00
3.743750e-07	1.000035e+00
3.748300e-07	1.000035e+00
3.752850e-07	1.000035e+00
3.757400e-07	1.000035e+00
3.761950e-07	1.000035e+00
3.766500e-07	1.000035e+00
3.771050e-07	1.000035e+00
3.775600e-07	1.000035e+00
3.780150e-07	1.000035e+00
3.784700e-07	1.000035e+00
3.789250e-07	1.000035e+00
3.793800e-07	1.000035e+00
3.798350e-07	1.000035e+00
3.802900e-07	1.000035e+00
3.807450e-07	1.000035e+00
3.812000e-07	1.000035e+00
3.816550e-07	1.000035e+00
3.821100e-07	1.000035e+00
3.825650e-07	1.000035e+00
3.830200e-07	1.000035e+00
3.834750e-07	1.000035e+00
3.839300e-07	1.000035e+00
3.843850e-07	1.000035e+00
3.848400e-07	1.000035e+00
3.852950e-07	1.000035e+00
3.857500e-07	1.000035e+00
3.862050e-07	1.000035e+00
3.866600e-07	1.000035e+00
3.871150e-07	1.000035e+00
3.875700e-07	1.000035e+00
3.880250e-07	1.000035e+00
3.884800e-07	1.000035e+00
3.889350e-07	1.000035e+00
3.893900e-07	1.000035e+00
3.898450e-07	1.000035e+00
3.903000e-07	1.000035e+00
3.907550e-07	1.000035e+00
3.912100e-07	1.000035e+00
3.916650e-07	1.000035e+00
3.921200e-07	1.000035e+00
3.925750e-07	1.000035e+00
3.930300e-07	1.000035e+00
3.934850e-07	1.000035e+00
3.939400e-07	1.000035e+00
3.943950e-07	1.000035e+00
3.948500e-07	1.000035e+00
3.953050e-07	1.000035e+00
3.957600e-07	1.000035e+00
3.962150e-07	1.000035e+00
3.966700e-07	1.000035e+00
3.971250e-07	1.000035e+00
3.975800e-07	1.000035e+00
3.980350e-07	1.000035e+00
3.984900e-07	1.000035e+00
3.989450e-07	1.000035e+00
3.994000e-07	1.000035e+00
3.998550e-07	1.000035e+00
4.003100e-07	1.000035e+00
4.007650e-07	1.000035e+00
4.012200e-07	1.000035e+00
4.016750e-07	1.000035e+00
4.021300e-07	1.000035e+00
4.025850e-07	1.000035e+00
4.030400e-07	1.000035e+00
4.034950e-07	1.000035e+00
4.039500e-07	1.000035e+00
4.044050e-07	1.000035e+00
4.048600e-07	1.000035e+00
4.053150e-07	1.000035e+00
4.057700e-07	1.000035e+00
4.062250e-07	1.000035e+00
4.066800e-07	1.000035e+00
4.071350e-07	1.000035e+00
4.075900e-07	1.000035e+00
4.080450e-07	1.000035e+00
4.085000e-07	1.000035e+00
4.089550e-07	1.000035e+00
4.094100e-07	1.000035e+00
4.098650e-07	1.000035e+00
4.103200e-07	1.000035e+00
4.107750e-07	1.000035e+00
4.112300e-07	1.000035e+00
4.116850e-07	1.000035e+00
4.121400e-07	1.000035e+00
4.125950e-07	1.000035e+00
4.130500e-07	1.000035e+00
4.135050e-07	1.000035e+00
4.139600e-07	1.000035e+00
4.144150e-07	1.000035e+00
4.148700e-07	1.000035e+00
4.153250e-07	1.000035e+00
4.157800e-07	1.000035e+00
4.162350e-07	1.000035e+00
4.166900e-07	1.000035e+00
4.171450e-07	1.000035e+00
4.176000e-07	1.000035e+00
4.180550e-07	1.000035e+00
4.185100e-07	1.000035e+00
4.189650e-07	1.000035e+00
4.194200e-07	1.000035e+00
4.198750e-07	1.000035e+00
4.203300e-07	1.000035e+00
4.207850e-07	1.000035e+00
4.212400e-07	1.000035e+00
4.216950e-07	1.000035e+00
4.221500e-07	1.000035e+00
4.226050e-07	1.000035e+00
4.230600e-07	1.000035e+00
4.235150e-07	1.000035e+00
4.239700e-07	1.000035e+00
4.244250e-07	1.000035e+00
4.248800e-07	1.000035e+00
4.253350e-07	1.000035e+00
4.257900e-07	1.000035e+00
4.262450e-07	1.000035e+00
4.267000e-07	1.000035e+00
4.271550e-07	1.000035e+00
4.276100e-07	1.000035e+00
4.280650e-07	1.000035e+00
4.285200e-07	1.000035e+00
4.289750e-07	1.000035e+00
4.294300e-07	1.000035e+00
4.298850e-07	1.000035e+00
4.303400e-07	1.000035e+00
4.307950e-07	1.000035e+00
4.312500e-07	1.000035e+00
4.317050e-07	1.000035e+00
4.321600e-07	1.000035e+00
4.326150e-07	1.000035e+00
4.330700e-07	1.000035e+00
4.335250e-07	1.000035e+00
4.339800e-07	1.000035e+00
4.344350e-07	1.000035e+00
4.348900e-07	1.000035e+00
4.353450e-07	1.000035e+00
4.358000e-07	1.000035e+00
4.362550e-07	1.000035e+00
4.367100e-07	1.000035e+00
4.371650e-07	1.000035e+00
4.376200e-07	1.000035e+00
4.380750e-07	1.000035e+00
4.385300e-07	1.000035e+00
4.389850e-07	1.000035e+00
4.394400e-07	1.000035e+00
4.398950e-07	1.000035e+00
4.403500e-07	1.000035e+00
4.408050e-07	1.000035e+00
4.412600e-07	1.000035e+00
4.417150e-07	1.000035e+00
4.421700e-07	1.000035e+00
4.426250e-07	1.000035e+00
4.430800e-07	1.000035e+00
4.435350e-07	1.000035e+00
4.439900e-07	1.000035e+00
4.444450e-07	1.000035e+00
4.449000e-07	1.000035e+00
4.453550e-07	1.000035e+00
4.458100e-07	1.000035e+00
4.462650e-07	1.000035e+00
4.467200e-07	1.000035e+00
4.471750e-07	1.000035e+00
4.476300e-07	1.000035e+00
4.480850e-07	1.000035e+00
4.485400e-07	1.000035e+00
4.489950e-07	1.000035e+00
4.494500e-07	1.000035e+00
4.499050e-07	1.000035e+00
4.503600e-07	1.000035e+00
4.508150e-07	1.000035e+00
4.512700e-07	1.000035e+00
4.517250e-07	1.000035e+00
4.521800e-07	1.000035e+00
4.526350e-07	1.000035e+00
4.530900e-07	1.000035e+00
4.535450e-07	1.000035e+00
4.540000e-07	1.000035e+00
4.544550e-07	1.000035e+00
4.549100e-07	1.000035e+00
4.553650e-07	1.000035e+00
4.558200e-07	1.000035e+00
4.562750e-07	1.000035e+00
4.567300e-07	1.000035e+00
4.571850e-07	1.000035e+00
4.576400e-07	1.000035e+00
4.580950e-07	1.000035e+00
4.585500e-07	1.000035e+00
4.590050e-07	1.000035e+00
4.594600e-07	1.000035e+00
4.599150e-07	1.000035e+00
4.603700e-07	1.000035e+00
4.608250e-07	1.000035e+00
4.612800e-07	1.000035e+00
4.617350e-07	1.000035e+00
4.621900e-07	1.000035e+00
4.626450e-07	1.000035e+00
4.631000e-07	1.000035e+00
4.635550e-07	1.000035e+00
4.640100e-07	1.000035e+00
4.644650e-07	1.000035e+00
4.649200e-07	1.000035e+00
4.653750e-07	1.000035e+00
4.658300e-07	1.000035e+00
4.662850e-07	1.000035e+00
4.667400e-07	1.000035e+00
4.671950e-07	1.000035e+00
4.676500e-07	1.000035e+00
4.681050e-07	1.000035e+00
4.685600e-07	1.000035e+00
4.690150e-07	1.000035e+00
4.694700e-07	1.000035e+00
4.699250e-07	1.000035e+00
4.703800e-07	1.000035e+00
4.708350e-07	1.000035e+00
4.712900e-07	1.000035e+00
4.717450e-07	1.000035e+00
4.722000e-07	1.000035e+00
4.726550e-07	1.000035e+00
4.731100e-07	1.000035e+00
4.735650e-07	1.000035e+00
4.740200e-07	1.000035e+00
4.744750e-07	1.000035e+00
4.749300e-07	1.000035e+00
4.753850e-07	1.000035e+00
4.758400e-07	1.000035e+00
4.762950e-07	1.000035e+00
4.767500e-07	1.000035e+00
4.772050e-07	1.000035e+00
4.776600e-07	1.000035e+00
4.781150e-07	1.000035e+00
4.785700e-07	1.000035e+00
4.790250e-07	1.000035e+00
4.794800e-07	1.000035e+00
4.799350e-07	1.000035e+00
4.803900e-07	1.000035e+00
4.808450e-07	1.000035e+00
4.813000e-07	1.000035e+00
4.817550e-07	1.000035e+00
4.822100e-07	1.000035e+00
4.826650e-07	1.000035e+00
4.831200e-07	1.000035e+00
4.835750e-07	1.000035e+00
4.840300e-07	1.000035e+00
4.844850e-07	1.000035e+00
4.849400e-07	1.000035e+00
4.853950e-07	1.000035e+00
4.858500e-07	1.000035e+00
4.863050e-07	1.000035e+00
4.867600e-07	1.000035e+00
4.872150e-07	1.000035e+00
4.876700e-07	1.000035e+00
4.881250e-07	1.000035e+00
4.885800e-07	1.000035e+00
4.890350e-07	1.000035e+00
4.894900e-07	1.000035e+00
4.899450e-07	1.000035e+00
4.904000e-07	1.000035e+00
4.908550e-07	1.000035e+00
4.913100e-07	1.000035e+00
4.917650e-07	1.000035e+00
4.922200e-07	1.000035e+00
4.926750e-07	1.000035e+00
4.931300e-07	1.000035e+00
4.935850e-07	1.000035e+00
4.940400e-07	1.000035e+00
4.944950e-07	1.000035e+00
4.949500e-07	1.000035e+00
4.954050e-07	1.000035e+00
4.958600e-07	1.000035e+00
4.963150e-07	1.000035e+00
4.967700e-07	1.000035e+00
4.972250e-07	1.000035e+00
4.976800e-07	1.000035e+00
4.981350e-07	1.000035e+00
4.985900e-07	1.000035e+00
4.990450e-07	1.000035e+00
4.995000e-07	1.000035e+00
4.999550e-07	1.000035e+00
5.004100e-07	1.000035e+00
5.008650e-07	1.000035e+00
5.013200e-07	1.000035e+00
5.017750e-07	1.000035e+00
5.022300e-07	1.000035e+00
5.026850e-07	1.000035e+00
5.031400e-07	1.000035e+00
5.035950e-07	1.000035e+00
5.040500e-07	1.000035e+00
5.045050e-07	1.000035e+00
5.049600e-07	1.000035e+00
5.054150e-07	1.000035e+00
5.058700e-07	1.000035e+00
5.063250e-07	1.000035e+00
5.067800e-07	1.000035e+00
5.072350e-07	1.000035e+00
5.076900e-07	1.000035e+00
5.081450e-07	1.000035e+00
5.086000e-07	1.000035e+00
5.090550e-07	1.000035e+00
5.095100e-07	1.000035e+00
5.099650e-07	1.000035e+00
5.104200e-07	1.000035e+00
5.108750e-07	1.000035e+00
5.113300e-07	1.000035e+00
5.117850e-07	1.000035e+00
5.122400e-07	1.000035e+00
5.126950e-07	1.000035e+00
5.131500e-07	1.000035e+00
5.136050e-07	1.000035e+00
5.140600e-07	1.000035e+00
5.145150e-07	1.000035e+00
5.149700e-07	1.000035e+00
5.154250e-07	1.000035e+00
5.158800e-07	1.000035e+00
5.163350e-07	1.000035e+00
5.167900e-07	1.000035e+00
5.172450e-07	1.000035e+00
5.177000e-07	1.000035e+00
5.181550e-07	1.000035e+00
5.186100e-07	1.000035e+00
5.190650e-07	1.000035e+00
5.195200e-07	1.000035e+00
5.199750e-07	1.000035e+00
5.204300e-07	1.000035e+00
5.208850e-07	1.000035e+00
5.213400e-07	1.000035e+00
5.217950e-07	1.000035e+00
5.222500e-07	1.000035e+00
5.227050e-07	1.000035e+00
5.231600e-07	1.000035e+00
5.236150e-07	1.000035e+00
5.240700e-07	1.000035e+00
5.245250e-07	1.000035e+00
5.249800e-07	1.000035e+00
5.254350e-07	1.000035e+00
5.258900e-07	1.000035e+00
5.263450e-07	1.000035e+00
5.268000e-07	1.000035e+00
5.272550e-07	1.000035e+00
5.277100e-07	1.000035e+00
5.281650e-07	1.000035e+00
5.286200e-07	1.000035e+00
5.290750e-07	1.000035e+00
5.295300e-07	1.000035e+00
5.299850e-07	1.000035e+00
5.304400e-07	1.000035e+00
5.308950e-07	1.000035e+00
5.313500e-07	1.000035e+00
5.318050e-07	1.000035e+00
5.322600e-07	1.000035e+00
5.327150e-07	1.000035e+00
5.331700e-07	1.000035e+00
5.336250e-07	1.000035e+00
5.340800e-07	1.000035e+00
5.345350e-07	1.000035e+00
5.349900e-07	1.000035e+00
5.354450e-07	1.000035e+00
5.359000e-07	1.000035e+00
5.363550e-07	1.000035e+00
5.368100e-07	1.000035e+00
5.372650e-07	1.000035e+00
5.377200e-07	1.000035e+00
5.381750e-07	1.000035e+00
5.386300e-07	1.000035e+00
5.390850e-07	1.000035e+00
5.395400e-07	1.000035e+00
5.399950e-07	1.000035e+00
5.404500e-07	1.000035e+00
5.409050e-07	1.000035e+00
5.413600e-07	1.000035e+00
5.418150e-07	1.000035e+00
5.422700e-07	1.000035e+00
5.427250e-07	1.000035e+00
5.431800e-07	1.000035e+00
5.436350e-07	1.000035e+00
5.440900e-07	1.000035e+00
5.445450e-07	1.000035e+00
5.450000e-07	1.000035e+00
5.454550e-07	1.000035e+00
5.459100e-07	1.000035e+00
5.463650e-07	1.000035e+00
5.468200e-07	1.000035e+00
5.472750e-07	1.000035e+00
5.477300e-07	1.000035e+00
5.481850e-07	1.000035e+00
5.486400e-07	1.000035e+00
5.490950e-07	1.000035e+00
5.495500e-07	1.000035e+00
5.500050e-07	1.000035e+00
5.504600e-07	1.000035e+00
5.509150e-07	1.000035e+00
5.513700e-07	1.000035e+00
5.518250e-07	1.000035e+00
5.522800e-07	1.000035e+00
5.527350e-07	1.000035e+00
5.531900e-07	1.000035e+00
5.536450e-07	1.000035e+00
5.541000e-07	1.000035e+00
5.545550e-07	1.000035e+00
5.550100e-07	1.000035e+00
5.554650e-07	1.000035e+00
5.559200e-07	1.000035e+00
5.563750e-07	1.000035e+00
5.568300e-07	1.000035e+00
5.572850e-07	1.000035e+00
5.577400e-07	1.000035e+00
5.581950e-07	1.000035e+00
5.586500e-07	1.000035e+00
5.591050e-07	1.000035e+00
5.595600e-07	1.000035e+00
5.600150e-07	1.000035e+00
5.604700e-07	1.000035e+00
5.609250e-07	1.000035e+00
5.613800e-07	1.000035e+00
5.618350e-07	1.000035e+00
5.622900e-07	1.000035e+00
5.627450e-07	1.000035e+00
5.632000e-07	1.000035e+00
5.636550e-07	1.000035e+00
5.641100e-07	1.000035e+00
5.645650e-07	1.000035e+00
5.650200e-07	1.000035e+00
5.654750e-07	1.000035e+00
5.659300e-07	1.000035e+00
5.663850e-07	1.000035e+00
5.668400e-07	1.000035e+00
5.672950e-07	1.000035e+00
5.677500e-07	1.000035e+00
5.682050e-07	1.000035e+00
5.686600e-07	1.000035e+00
5.691150e-07	1.000035e+00
5.695700e-07	1.000035e+00
5.700250e-07	1.000035e+00
5.704800e-07	1.000035e+00
5.709350e-07	1.000035e+00
5.713900e-07	1.000035e+00
5.718450e-07	1.000035e+00
5.723000e-07	1.000035e+00
5.727550e-07	1.000035e+00
5.732100e-07	1.000035e+00
5.736650e-07	1.000035e+00
5.741200e-07	1.000035e+00
5.745750e-07	1.000035e+00
5.750300e-07	1.000035e+00
5.754850e-07	1.000035e+00
5.759400e-07	1.000035e+00
5.763950e-07	1.000035e+00
5.768500e-07	1.000035e+00
5.773050e-07	1.000035e+00
5.777600e-07	1.000035e+00
5.782150e-07	1.000035e+00
5.786700e-07	1.000035e+00
5.791250e-07	1.000035e+00
5.795800e-07	1.000035e+00
5.800350e-07	1.000035e+00
5.804900e-07	1.000035e+00
5.809450e-07	1.000035e+00
5.814000e-07	1.000035e+00
5.818550e-07	1.000035e+00
5.823100e-07	1.000035e+00
5.827650e-07	1.000035e+00
5.832200e-07	1.000035e+00
5.836750e-07	1.000035e+00
5.841300e-07	1.000035e+00
5.845850e-07	1.000035e+00
5.850400e-07	1.000035e+00
5.854950e-07	1.000035e+00
5.859500e-07	1.000035e+00
5.864050e-07	1.000035e+00
5.868600e-07	1.000035e+00
5.873150e-07	1.000035e+00
5.877700e-07	1.000035e+00
5.882250e-07	1.000035e+00
5.886800e-07	1.000035e+00
5.891350e-07	1.000035e+00
5.895900e-07	1.000035e+00
5.900450e-07	1.000035e+00
5.905000e-07	1.000035e+00
5.909550e-07	1.000035e+00
5.914100e-07	1.000035e+00
5.918650e-07	1.000035e+00
5.923200e-07	1.000035e+00
5.927750e-07	1.000035e+00
5.932300e-07	1.000035e+00
5.936850e-07	1.000035e+00
5.941400e-07	1.000035e+00
5.945950e-07	1.000035e+00
5.950500e-07	1.000035e+00
5.955050e-07	1.000035e+00
5.959600e-07	1.000035e+00
5.964150e-07	1.000035e+00
5.968700e-07	1.000035e+00
5.973250e-07	1.000035e+00
5.977800e-07	1.000035e+00
5.982350e-07	1.000035e+00
5.986900e-07	1.000035e+00
5.991450e-07	1.000035e+00
5.996000e-07	1.000035e+00
6.000550e-07	1.000035e+00
6.005100e-07	1.000035e+00
6.009650e-07	1.000035e+00
6.014200e-07	1.000035e+00
6.018750e-07	1.000035e+00
6.023300e-07	1.000035e+00
6.027850e-07	1.000035e+00
6.032400e-07	1.000035e+00
6.036950e-07	1.000035e+00
6.041500e-07	1.000035e+00
6.046050e-07	1.000035e+00
6.050600e-07	1.000035e+00
6.055150e-07	1.000035e+00
6.059700e-07	1.000035e+00
6.064250e-07	1.000035e+00
6.068800e-07	1.000035e+00
6.073350e-07	1.000035e+00
6.077900e-07	1.000035e+00
6.082450e-07	1.000035e+00
6.087000e-07	1.000035e+00
6.091550e-07	1.000035e+00
6.096100e-07	1.000035e+00
6.100650e-07	1.000035e+00
6.105200e-07	1.000035e+00
6.109750e-07	1.000035e+00
6.114300e-07	1.000035e+00
6.118850e-07	1.000035e+00
6.123400e-07	1.000035e+00
6.127950e-07	1.000035e+00
6.132500e-07	1.000035e+00
6.137050e-07	1.000035e+00
6.141600e-07	1.000035e+00
6.146150e-07	1.000035e+00
6.150700e-07	1.000035e+00
6.155250e-07	1.000035e+00
6.159800e-07	1.000035e+00
6.164350e-07	1.000035e+00
6.168900e-07	1.000035e+00
6.173450e-07	1.000035e+00
6.178000e-07	1.000035e+00
6.182550e-07	1.000035e+00
6.187100e-07	1.000035e+00
6.191650e-07	1.000035e+00
6.196200e-07	1.000035e+00
6.200750e-07	1.000035e+00
6.205300e-07	1.000035e+00
6.209850e-07	1.000035e+00
6.214400e-07	1.000035e+00
6.218950e-07	1.000035e+00
6.223500e-07	1.000035e+00
6.228050e-07	1.000035e+00
6.232600e-07	1.000035e+00
6.237150e-07	1.000035e+00
6.241700e-07	1.000035e+00
6.246250e-07	1.000035e+00
6.250800e-07	1.000035e+00
6.255350e-07	1.000035e+00
6.259900e-07	1.000035e+00
6.264450e-07	1.000035e+00
6.269000e-07	1.000035e+00
6.273550e-07	1.000035e+00
6.278100e-07	1.000035e+00
6.282650e-07	1.000035e+00
6.287200e-07	1.000035e+00
6.291750e-07	1.000035e+00
6.296300e-07	1.000035e+00
6.300850e-07	1.000035e+00
6.305400e-07	1.000035e+00
6.309950e-07	1.000035e+00
6.314500e-07	1.000035e+00
6.319050e-07	1.000035e+00
6.323600e-07	1.000035e+00
6.328150e-07	1.000035e+00
6.332700e-07	1.000035e+00
6.337250e-07	1.000035e+00
6.341800e-07	1.000035e+00
6.346350e-07	1.000035e+00
6.350900e-07	1.000035e+00
6.355450e-07	1.000035e+00
6.360000e-07	1.000035e+00
6.364550e-07	1.000035e+00
6.369100e-07	1.000035e+00
6.373650e-07	1.000035e+00
6.378200e-07	1.000035e+00
6.382750e-07	1.000035e+00
6.387300e-07	1.000035e+00
6.391850e-07	1.000035e+00
6.396400e-07	1.000035e+00
6.400950e-07	1.000035e+00
6.405500e-07	1.000035e+00
6.410050e-07	1.000035e+00
6.414600e-07	1.000035e+00
6.419150e-07	1.000035e+00
6.423700e-07	1.000035e+00
6.428250e-07	1.000035e+00
6.432800e-07	1.000035e+00
6.437350e-07	1.000035e+00
6.441900e-07	1.000035e+00
6.446450e-07	1.000035e+00
6.451000e-07	1.000035e+00
6.455550e-07	1.000035e+00
6.460100e-07	1.000035e+00
6.464650e-07	1.000035e+00
6.469200e-07	1.000035e+00
6.473750e-07	1.000035e+00
6.478300e-07	1.000035e+00
6.482850e-07	1.000035e+00
6.487400e-07	1.000035e+00
6.491950e-07	1.000035e+00
6.496500e-07	1.000035e+00
6.501050e-07	1.000035e+00
6.505600e-07	1.000035e+00
6.510150e-07	1.000035e+00
6.514700e-07	1.000035e+00
6.519250e-07	1.000035e+00
6.523800e-07	1.000035e+00
6.528350e-07	1.000035e+00
6.532900e-07	1.000035e+00
6.537450e-07	1.000035e+00
6.542000e-07	1.000035e+00
6.546550e-07	1.000035e+00
6.551100e-07	1.000035e+00
6.555650e-07	1.000035e+00
6.560200e-07	1.000035e+00
6.564750e-07	1.000035e+00
6.569300e-07	1.000035e+00
6.573850e-07	1.000035e+00
6.578400e-07	1.000035e+00
6.582950e-07	1.000035e+00
6.587500e-07	1.000035e+00
6.592050e-07	1.000035e+00
6.596600e-07	1.000035e+00
6.601150e-07	1.000035e+00
6.605700e-07	1.000035e+00
6.610250e-07	1.000035e+00
6.614800e-07	1.000035e+00
6.619350e-07	1.000035e+00
6.623900e-07	1.000035e+00
6.628450e-07	1.000035e+00
6.633000e-07	1.000035e+00
6.637550e-07	1.000035e+00
6.642100e-07	1.000035e+00
6.646650e-07	1.000035e+00
6.651200e-07	1.000035e+00
6.655750e-07	1.000035e+00
6.660300e-07	1.000035e+00
6.664850e-07	1.000035e+00
6.669400e-07	1.000035e+00
6.673950e-07	1.000035e+00
6.678500e-07	1.000035e+00
6.683050e-07	1.000035e+00
6.687600e-07	1.000035e+00
6.692150e-07	1.000035e+00
6.696700e-07	1.000035e+00
6.701250e-07	1.000035e+00
6.705800e-07	1.000035e+00
6.710350e-07	1.000035e+00
6.714900e-07	1.000035e+00
6.719450e-07	1.000035e+00
6.724000e-07	1.000035e+00
6.728550e-07	1.000035e+00
6.733100e-07	1.000035e+00
6.737650e-07	1.000035e+00
6.742200e-07	1.000035e+00
6.746750e-07	1.000035e+00
6.751300e-07	1.000035e+00
6.755850e-07	1.000035e+00
6.760400e-07	1.000035e+00
6.764950e-07	1.000035e+00
6.769500e-07	1.000035e+00
6.774050e-07	1.000035e+00
6.778600e-07	1.000035e+00
6.783150e-07	1.000035e+00
6.787700e-07	1.000035e+00
6.792250e-07	1.000035e+00
6.796800e-07	1.000035e+00
6.801350e-07	1.000035e+00
6.805900e-07	1.000035e+00
6.810450e-07	1.000035e+00
6.815000e-07	1.000035e+00
6.819550e-07	1.000035e+00
6.824100e-07	1.000035e+00
6.828650e-07	1.000035e+00
6.833200e-07	1.000035e+00
6.837750e-07	1.000035e+00
6.842300e-07	1.000035e+00
6.846850e-07	1.000035e+00
6.851400e-07	1.000035e+00
6.855950e-07	1.000035e+00
6.860500e-07	1.000035e+00
6.865050e-07	1.000035e+00
6.869600e-07	1.000035e+00
6.874150e-07	1.000035e+00
6.878700e-07	1.000035e+00
6.883250e-07	1.000035e+00
6.887800e-07	1.000035e+00
6.892350e-07	1.000035e+00
6.896900e-07	1.000035e+00
6.901450e-07	1.000035e+00
6.906000e-07	1.000035e+00
6.910550e-07	1.000035e+00
6.915100e-07	1.000035e+00
6.919650e-07	1.000035e+00
6.924200e-07	1.000035e+00
6.928750e-07	1.000035e+00
6.933300e-07	1.000035e+00
6.937850e-07	1.000035e+00
6.942400e-07	1.000035e+00
6.946950e-07	1.000035e+00
6.951500e-07	1.000035e+00
6.956050e-07	1.000035e+00
6.960600e-07	1.000035e+00
6.965150e-07	1.000035e+00
6.969700e-07	1.000035e+00
6.974250e-07	1.000035e+00
6.978800e-07	1.000035e+00
6.983350e-07	1.000035e+00
6.987900e-07	1.000035e+00
6.992450e-07	1.000035e+00
6.997000e-07	1.000035e+00
7.001550e-07	1.000035e+00
7.006100e-07	1.000035e+00
7.010650e-07	1.000035e+00
7.015200e-07	1.000035e+00
7.019750e-07	1.000035e+00
7.024300e-07	1.000035e+00
7.028850e-07	1.000035e+00
7.033400e-07	1.000035e+00
7.037950e-07	1.000035e+00
7.042500e-07	1.000035e+00
7.047050e-07	1.000035e+00
7.051600e-07	1.000035e+00
7.056150e-07	1.000035e+00
7.060700e-07	1.000035e+00
7.065250e-07	1.000035e+00
7.069800e-07	1.000035e+00
7.074350e-07	1.000035e+00
7.078900e-07	1.000035e+00
7.083450e-07	1.000035e+00
7.088000e-07	1.000035e+00
7.092550e-07	1.000035e+00
7.097100e-07	1.000035e+00
7.101650e-07	1.000035e+00
7.106200e-07	1.000035e+00
7.110750e-07	1.000035e+00
7.115300e-07	1.000035e+00
7.119850e-07	1.000035e+00
7.124400e-07	1.000035e+00
7.128950e-07	1.000035e+00
7.133500e-07	1.000035e+00
7.138050e-07	1.000035e+00
7.142600e-07	1.000035e+00
7.147150e-07	1.000035e+00
7.151700e-07	1.000035e+00
7.156250e-07	1.000035e+00
7.160800e-07	1.000035e+00
7.165350e-07	1.000035e+00
7.169900e-07	1.000035e+00
7.174450e-07	1.000035e+00
7.179000e-07	1.000035e+00
7.183550e-07	1.000035e+00
7.188100e-07	1.000035e+00
7.192650e-07	1.000035e+00
7.197200e-07	1.000035e+00
7.201750e-07	1.000035e+00
7.206300e-07	1.000035e+00
7.210850e-07	1.000035e+00
7.215400e-07	1.000035e+00
7.219950e-07	1.000035e+00
7.224500e-07	1.000035e+00
7.229050e-07	1.000035e+00
7.233600e-07	1.000035e+00
7.238150e-07	1.000035e+00
7.242700e-07	1.000035e+00
7.247250e-07	1.000035e+00
7.251800e-07	1.000035e+00
7.256350e-07	1.000035e+00
7.260900e-07	1.000035e+00
7.265450e-07	1.000035e+00
7.270000e-07	1.000035e+00
7.274550e-07	1.000035e+00
7.279100e-07	1.000035e+00
7.283650e-07	1.000035e+00
7.288200e-07	1.000035e+00
7.292750e-07	1.000035e+00
7.297300e-07	1.000035e+00
7.301850e-07	1.000035e+00
7.306400e-07	1.000035e+00
7.310950e-07	1.000035e+00
7.315500e-07	1.000035e+00
7.320050e-07	1.000035e+00
7.324600e-07	1.000035e+00
7.329150e-07	1.000035e+00
7.333700e-07	1.000035e+00
7.338250e-07	1.000035e+00
7.342800e-07	1.000035e+00
7.347350e-07	1.000035e+00
7.351900e-07	1.000035e+00
7.356450e-07	1.000035e+00
7.361000e-07	1.000035e+00
7.365550e-07	1.000035e+00
7.370100e-07	1.000035e+00
7.374650e-07	1.000035e+00
7.379200e-07	1.000035e+00
7.383750e-07	1.000035e+00
7.388300e-07	1.000035e+00
7.392850e-07	1.000035e+00
7.397400e-07	1.000035e+00
7.401950e-07	1.000035e+00
7.406500e-07	1.000035e+00
7.411050e-07	1.000035e+00
7.415600e-07	1.000035e+00
7.420150e-07	1.000035e+00
7.424700e-07	1.000035e+00
7.429250e-07	1.000035e+00
7.433800e-07	1.000035e+00
7.438350e-07	1.000035e+00
7.442900e-07	1.000035e+00
7.447450e-07	1.000035e+00
7.452000e-07	1.000035e+00
7.456550e-07	1.000035e+00
7.461100e-07	1.000035e+00
7.465650e-07	1.000035e+00
7.470200e-07	1.000035e+00
7.474750e-07	1.000035e+00
7.479300e-07	1.000035e+00
7.483850e-07	1.000035e+00
7.488400e-07	1.000035e+00
7.492950e-07	1.000035e+00
7.497500e-07	1.000035e+00
7.502050e-07	1.000035e+00
7.506600e-07	1.000035e+00
7.511150e-07	1.000035e+00
7.515700e-07	1.000035e+00
7.520250e-07	1.000035e+00
7.524800e-07	1.000035e+00
7.529350e-07	1.000035e+00
7.533900e-07	1.000035e+00
7.538450e-07	1.000035e+00
7.543000e-07	1.000035e+00
7.547550e-07	1.000035e+00
7.552100e-07	1.000035e+00
7.556650e-07	1.000035e+00
7.561200e-07	1.000035e+00
7.565750e-07	1.000035e+00
7.570300e-07	1.000035e+00
7.574850e-07	1.000035e+00
7.579400e-07	1.000035e+00
7.583950e-07	1.000035e+00
7.588500e-07	1.000035e+00
7.593050e-07	1.000035e+00
7.597600e-07	1.000035e+00
7.602150e-07	1.000035e+00
7.606700e-07	1.000035e+00
7.611250e-07	1.000035e+00
7.615800e-07	1.000035e+00
7.620350e-07	1.000035e+00
7.624900e-07	1.000035e+00
7.629450e-07	1.000035e+00
7.634000e-07	1.000035e+00
7.638550e-07	1.000035e+00
7.643100e-07	1.000035e+00
7.647650e-07	1.000035e+00
7.652200e-07	1.000035e+00
7.656750e-07	1.000035e+00
7.661300e-07	1.000035e+00
7.665850e-07	1.000035e+00
7.670400e-07	1.000035e+00
7.674950e-07	1.000035e+00
7.679500e-07	1.000035e+00
7.684050e-07	1.000035e+00
7.688600e-07	1.000035e+00
7.693150e-07	1.000035e+00
7.697700e-07	1.000035e+00
7.702250e-07	1.000035e+00
7.706800e-07	1.000035e+00
7.711350e-07	1.000035e+00
7.715900e-07	1.000035e+00
7.720450e-07	1.000035e+00
7.725000e-07	1.000035e+00
7.729550e-07	1.000035e+00
7.734100e-07	1.000035e+00
7.738650e-07	1.000035e+00
7.743200e-07	1.000035e+00
7.747750e-07	1.000035e+00
7.752300e-07	1.000035e+00
7.756850e-07	1.000035e+00
7.761400e-07	1.000035e+00
7.765950e-07	1.000035e+00
7.770500e-07	1.000035e+00
7.775050e-07	1.000035e+00
7.779600e-07	1.000035e+00
7.784150e-07	1.000035e+00
7.788700e-07	1.000035e+00
7.793250e-07	1.000035e+00
7.797800e-07	1.000035e+00
7.802350e-07	1.000035e+00
7.806900e-07	1.000035e+00
7.811450e-07	1.000035e+00
7.816000e-07	1.000035e+00
7.820550e-07	1.000035e+00
7.825100e-07	1.000035e+00
7.829650e-07	1.000035e+00
7.834200e-07	1.000035e+00
7.838750e-07	1.000035e+00
7.843300e-07	1.000035e+00
7.847850e-07	1.000035e+00
7.852400e-07	1.000035e+00
7.856950e-07	1.000035e+00
7.861500e-07	1.000035e+00
7.866050e-07	1.000035e+00
7.870600e-07	1.000035e+00
7.875150e-07	1.000035e+00
7.879700e-07	1.000035e+00
7.884250e-07	1.000035e+00
7.888800e-07	1.000035e+00
7.893350e-07	1.000035e+00
7.897900e-07	1.000035e+00
7.902450e-07	1.000035e+00
7.907000e-07	1.000035e+00
7.911550e-07	1.000035e+00
7.916100e-07	1.000035e+00
7.920650e-07	1.000035e+00
7.925200e-07	1.000035e+00
7.929750e-07	1.000035e+00
7.934300e-07	1.000035e+00
7.938850e-07	1.000035e+00
7.943400e-07	1.000035e+00
7.947950e-07	1.000035e+00
7.952500e-07	1.000035e+00
7.957050e-07	1.000035e+00
7.961600e-07	1.000035e+00
7.966150e-07	1.000035e+00
7.970700e-07	1.000035e+00
7.975250e-07	1.000035e+00
7.979800e-07	1.000035e+00
7.984350e-07	1.000035e+00
7.988900e-07	1.000035e+00
7.993450e-07	1.000035e+00
7.998000e-07	1.000035e+00
8.002550e-07	1.000035e+00
8.007100e-07	1.000035e+00
8.011650e-07	1.000035e+00
8.016200e-07	1.000035e+00
8.020750e-07	1.000035e+00
8.025300e-07	1.000035e+00
8.029850e-07	1.000035e+00
8.034400e-07	1.000035e+00
8.038950e-07	1.000035e+00
8.043500e-07	1.000035e+00
8.048050e-07	1.000035e+00
8.052600e-07	1.000035e+00
8.057150e-07	1.000035e+00
8.061700e-07	1.000035e+00
8.066250e-07	1.000035e+00
8.070800e-07	1.000035e+00
8.075350e-07	1.000035e+00
8.079900e-07	1.000035e+00
8.084450e-07	1.000035e+00
8.089000e-07	1.000035e+00
8.093550e-07	1.000035e+00
8.098100e-07	1.000035e+00
8.102650e-07	1.000035e+00
8.107200e-07	1.000035e+00
8.111750e-07	1.000035e+00
8.116300e-07	1.000035e+00
8.120850e-07	1.000035e+00
8.125400e-07	1.000035e+00
8.129950e-07	1.000035e+00
8.134500e-07	1.000035e+00
8.139050e-07	1.000035e+00
8.143600e-07	1.000035e+00
8.148150e-07	1.000035e+00
8.152700e-07	1.000035e+00
8.157250e-07	1.000035e+00
8.161800e-07	1.000035e+00
8.166350e-07	1.000035e+00
8.170900e-07	1.000035e+00
8.175450e-07	1.000035e+00
8.180000e-07	1.000035e+00
8.184550e-07	1.000035e+00
8.189100e-07	1.000035e+00
8.193650e-07	1.000035e+00
8.198200e-07	1.000035e+00
8.202750e-07	1.000035e+00
8.207300e-07	1.000035e+00
8.211850e-07	1.000035e+00
8.216400e-07	1.000035e+00
8.220950e-07	1.000035e+00
8.225500e-07	1.000035e+00
8.230050e-07	1.000035e+00
8.234600e-07	1.000035e+00
8.239150e-07	1.000035e+00
8.243700e-07	1.000035e+00
8.248250e-07	1.000035e+00
8.252800e-07	1.000035e+00
8.257350e-07	1.000035e+00
8.261900e-07	1.000035e+00
8.266450e-07	1.000035e+00
8.271000e-07	1.000035e+00
8.275550e-07	1.000035e+00
8.280100e-07	1.000035e+00
8.284650e-07	1.000035e+00
8.289200e-07	1.000035e+00
8.293750e-07	1.000035e+00
8.298300e-07	1.000035e+00
8.302850e-07	1.000035e+00
8.307400e-07	1.000035e+00
8.311950e-07	1.000035e+00
8.316500e-07	1.000035e+00
8.321050e-07	1.000035e+00
8.325600e-07	1.000035e+00
8.330150e-07	1.000035e+00
8.334700e-07	1.000035e+00
8.339250e-07	1.000035e+00
8.343800e-07	1.000035e+00
8.348350e-07	1.000035e+00
8.352900e-07	1.000035e+00
8.357450e-07	1.000035e+00
8.362000e-07	1.000035e+00
8.366550e-07	1.000035e+00
8.371100e-07	1.000035e+00
8.375650e-07	1.000035e+00
8.380200e-07	1.000035e+00
8.384750e-07	1.000035e+00
8.389300e-07	1.000035e+00
8.393850e-07	1.000035e+00
8.398400e-07	1.000035e+00
8.402950e-07	1.000035e+00
8.407500e-07	1.000035e+00
8.412050e-07	1.000035e+00
8.416600e-07	1.000035e+00
8.421150e-07	1.000035e+00
8.425700e-07	1.000035e+00
8.430250e-07	1.000035e+00
8.434800e-07	1.000035e+00
8.439350e-07	1.000035e+00
8.443900e-07	1.000035e+00
8.448450e-07	1.000035e+00
8.453000e-07	1.000035e+00
8.457550e-07	1.000035e+00
8.462100e-07	1.000035e+00
8.466650e-07	1.000035e+00
8.471200e-07	1.000035e+00
8.475750e-07	1.000035e+00
8.480300e-07	1.000035e+00
8.484850e-07	1.000035e+00
8.489400e-07	1.000035e+00
8.493950e-07	1.000035e+00
8.498500e-07	1.000035e+00
8.503050e-07	1.000035e+00
8.507600e-07	1.000035e+00
8.512150e-07	1.000035e+00
8.516700e-07	1.000035e+00
8.521250e-07	1.000035e+00
8.525800e-07	1.000035e+00
8.530350e-07	1.000035e+00
8.534900e-07	1.000035e+00
8.539450e-07	1.000035e+00
8.544000e-07	1.000035e+00
8.548550e-07	1.000035e+00
8.553100e-07	1.000035e+00
8.557650e-07	1.000035e+00
8.562200e-07	1.000035e+00
8.566750e-07	1.000035e+00
8.571300e-07	1.000035e+00
8.575850e-07	1.000035e+00
8.580400e-07	1.000035e+00
8.584950e-07	1.000035e+00
8.589500e-07	1.000035e+00
8.594050e-07	1.000035e+00
8.598600e-07	1.000035e+00
8.603150e-07	1.000035e+00
8.607700e-07	1.000035e+00
8.612250e-07	1.000035e+00
8.616800e-07	1.000035e+00
8.621350e-07	1.000035e+00
8.625900e-07	1.000035e+00
8.630450e-07	1.000035e+00
8.635000e-07	1.000035e+00
8.639550e-07	1.000035e+00
8.644100e-07	1.000035e+00
8.648650e-07	1.000035e+00
8.653200e-07	1.000035e+00
8.657750e-07	1.000035e+00
8.662300e-07	1.000035e+00
8.666850e-07	1.000035e+00
8.671400e-07	1.000035e+00
8.675950e-07	1.000035e+00
8.680500e-07	1.000035e+00
8.685050e-07	1.000035e+00
8.689600e-07	1.000035e+00
8.694150e-07	1.000035e+00
8.698700e-07	1.000035e+00
8.703250e-07	1.000035e+00
8.707800e-07	1.000035e+00
8.712350e-07	1.000035e+00
8.716900e-07	1.000035e+00
8.721450e-07	1.000035e+00
8.726000e-07	1.000035e+00
8.730550e-07	1.000035e+00
8.735100e-07	1.000035e+00
8.739650e-07	1.000035e+00
8.744200e-07	1.000035e+00
8.748750e-07	1.000035e+00
8.753300e-07	1.000035e+00
8.757850e-07	1.000035e+00
8.762400e-07	1.000035e+00
8.766950e-07	1.000035e+00
8.771500e-07	1.000035e+00
8.776050e-07	1.000035e+00
8.780600e-07	1.000035e+00
8.785150e-07	1.000035e+00
8.789700e-07	1.000035e+00
8.794250e-07	1.000035e+00
8.798800e-07	1.000035e+00
8.803350e-07	1.000035e+00
8.807900e-07	1.000035e+00
8.812450e-07	1.000035e+00
8.817000e-07	1.000035e+00
8.821550e-07	1.000035e+00
8.826100e-07	1.000035e+00
8.830650e-07	1.000035e+00
8.835200e-07	1.000035e+00
8.839750e-07	1.000035e+00
8.844300e-07	1.000035e+00
8.848850e-07	1.000035e+00
8.853400e-07	1.000035e+00
8.857950e-07	1.000035e+00
8.862500e-07	1.000035e+00
8.867050e-07	1.000035e+00
8.871600e-07	1.000035e+00
8.876150e-07	1.000035e+00
8.880700e-07	1.000035e+00
8.885250e-07	1.000035e+00
8.889800e-07	1.000035e+00
8.894350e-07	1.000035e+00
8.898900e-07	1.000035e+00
8.903450e-07	1.000035e+00
8.908000e-07	1.000035e+00
8.912550e-07	1.000035e+00
8.917100e-07	1.000035e+00
8.921650e-07	1.000035e+00
8.926200e-07	1.000035e+00
8.930750e-07	1.000035e+00
8.935300e-07	1.000035e+00
8.939850e-07	1.000035e+00
8.944400e-07	1.000035e+00
8.948950e-07	1.000035e+00
8.953500e-07	1.000035e+00
8.958050e-07	1.000035e+00
8.962600e-07	1.000035e+00
8.967150e-07	1.000035e+00
8.971700e-07	1.000035e+00
8.976250e-07	1.000035e+00
8.980800e-07	1.000035e+00
8.985350e-07	1.000035e+00
8.989900e-07	1.000035e+00
8.994450e-07	1.000035e+00
8.999000e-07	1.000035e+00
9.003550e-07	1.000035e+00
9.008100e-07	1.000035e+00
9.012650e-07	1.000035e+00
9.017200e-07	1.000035e+00
9.021750e-07	1.000035e+00
9.026300e-07	1.000035e+00
9.030850e-07	1.000035e+00
9.035400e-07	1.000035e+00
9.039950e-07	1.000035e+00
9.044500e-07	1.000035e+00
9.049050e-07	1.000035e+00
9.053600e-07	1.000035e+00
9.058150e-07	1.000035e+00
9.062700e-07	1.000035e+00
9.067250e-07	1.000035e+00
9.071800e-07	1.000035e+00
9.076350e-07	1.000035e+00
9.080900e-07	1.000035e+00
9.085450e-07	1.000035e+00
9.090000e-07	1.000035e+00
9.094550e-07	1.000035e+00
9.099100e-07	1.000035e+00
9.103650e-07	1.000035e+00
9.108200e-07	1.000035e+00
9.112750e-07	1.000035e+00
9.117300e-07	1.000035e+00
9.121850e-07	1.000035e+00
9.126400e-07	1.000035e+00
9.130950e-07	1.000035e+00
9.135500e-07	1.000035e+00
9.140050e-07	1.000035e+00
9.144600e-07	1.000035e+00
9.149150e-07	1.000035e+00
9.153700e-07	1.000035e+00
9.158250e-07	1.000035e+00
9.162800e-07	1.000035e+00
9.167350e-07	1.000035e+00
9.171900e-07	1.000035e+00
9.176450e-07	1.000035e+00
9.181000e-07	1.000035e+00
9.185550e-07	1.000035e+00
9.190100e-07	1.000035e+00
9.194650e-07	1.000035e+00
9.199200e-07	1.000035e+00
9.203750e-07	1.000035e+00
9.208300e-07	1.000035e+00
9.212850e-07	1.000035e+00
9.217400e-07	1.000035e+00
9.221950e-07	1.000035e+00
9.226500e-07	1.000035e+00
9.231050e-07	1.000035e+00
9.235600e-07	1.000035e+00
9.240150e-07	1.000035e+00
9.244700e-07	1.000035e+00
9.249250e-07	1.000035e+00
9.253800e-07	1.000035e+00
9.258350e-07	1.000035e+00
9.262900e-07	1.000035e+00
9.267450e-07	1.000035e+00
9.272000e-07	1.000035e+00
9.276550e-07	1.000035e+00
9.281100e-07	1.000035e+00
9.285650e-07	1.000035e+00
9.290200e-07	1.000035e+00
9.294750e-07	1.000035e+00
9.299300e-07	1.000035e+00
9.303850e-07	1.000035e+00
9.308400e-07	1.000035e+00
9.312950e-07	1.000035e+00
9.317500e-07	1.000035e+00
9.322050e-07	1.000035e+00
9.326600e-07	1.000035e+00
9.331150e-07	1.000035e+00
9.335700e-07	1.000035e+00
9.340250e-07	1.000035e+00
9.344800e-07	1.000035e+00
9.349350e-07	1.000035e+00
9.353900e-07	1.000035e+00
9.358450e-07	1.000035e+00
9.363000e-07	1.000035e+00
9.367550e-07	1.000035e+00
9.372100e-07	1.000035e+00
9.376650e-07	1.000035e+00
9.381200e-07	1.000035e+00
9.385750e-07	1.000035e+00
9.390300e-07	1.000035e+00
9.394850e-07	1.000035e+00
9.399400e-07	1.000035e+00
9.403950e-07	1.000035e+00
9.408500e-07	1.000035e+00
9.413050e-07	1.000035e+00
9.417600e-07	1.000035e+00
9.422150e-07	1.000035e+00
9.426700e-07	1.000035e+00
9.431250e-07	1.000035e+00
9.435800e-07	1.000035e+00
9.440350e-07	1.000035e+00
9.444900e-07	1.000035e+00
9.449450e-07	1.000035e+00
9.454000e-07	1.000035e+00
9.458550e-07	1.000035e+00
9.463100e-07	1.000035e+00
9.467650e-07	1.000035e+00
9.472200e-07	1.000035e+00
9.476750e-07	1.000035e+00
9.481300e-07	1.000035e+00
9.485850e-07	1.000035e+00
9.490400e-07	1.000035e+00
9.494950e-07	1.000035e+00
9.499500e-07	1.000035e+00
9.504050e-07	1.000035e+00
9.508600e-07	1.000035e+00
9.513150e-07	1.000035e+00
9.517700e-07	1.000035e+00
9.522250e-07	1.000035e+00
9.526800e-07	1.000035e+00
9.531350e-07	1.000035e+00
9.535900e-07	1.000035e+00
9.540450e-07	1.000035e+00
9.545000e-07	1.000035e+00
9.549550e-07	1.000035e+00
9.554100e-07	1.000035e+00
9.558650e-07	1.000035e+00
9.563200e-07	1.000035e+00
9.567750e-07	1.000035e+00
9.572300e-07	1.000035e+00
9.576850e-07	1.000035e+00
9.581400e-07	1.000035e+00
9.585950e-07	1.000035e+00
9.590500e-07	1.000035e+00
9.595050e-07	1.000035e+00
9.599600e-07	1.000035e+00
9.604150e-07	1.000035e+00
9.608700e-07	1.000035e+00
9.613250e-07	1.000035e+00
9.617800e-07	1.000035e+00
9.622350e-07	1.000035e+00
9.626900e-07	1.000035e+00
9.631450e-07	1.000035e+00
9.636000e-07	1.000035e+00
9.640550e-07	1.000035e+00
9.645100e-07	1.000035e+00
9.649650e-07	1.000035e+00
9.654200e-07	1.000035e+00
9.658750e-07	1.000035e+00
9.663300e-07	1.000035e+00
9.667850e-07	1.000035e+00
9.672400e-07	1.000035e+00
9.676950e-07	1.000035e+00
9.681500e-07	1.000035e+00
9.686050e-07	1.000035e+00
9.690600e-07	1.000035e+00
9.695150e-07	1.000035e+00
9.699700e-07	1.000035e+00
9.704250e-07	1.000035e+00
9.708800e-07	1.000035e+00
9.713350e-07	1.000035e+00
9.717900e-07	1.000035e+00
9.722450e-07	1.000035e+00
9.727000e-07	1.000035e+00
9.731550e-07	1.000035e+00
9.736100e-07	1.000035e+00
9.740650e-07	1.000035e+00
9.745200e-07	1.000035e+00
9.749750e-07	1.000035e+00
9.754300e-07	1.000035e+00
9.758850e-07	1.000035e+00
9.763400e-07	1.000035e+00
9.767950e-07	1.000035e+00
9.772500e-07	1.000035e+00
9.777050e-07	1.000035e+00
9.781600e-07	1.000035e+00
9.786150e-07	1.000035e+00
9.790700e-07	1.000035e+00
9.795250e-07	1.000035e+00
9.799800e-07	1.000035e+00
9.804350e-07	1.000035e+00
9.808900e-07	1.000035e+00
9.813450e-07	1.000035e+00
9.818000e-07	1.000035e+00
9.822550e-07	1.000035e+00
9.827100e-07	1.000035e+00
9.831650e-07	1.000035e+00
9.836200e-07	1.000035e+00
9.840750e-07	1.000035e+00
9.845300e-07	1.000035e+00
9.849850e-07	1.000035e+00
9.854400e-07	1.000035e+00
9.858950e-07	1.000035e+00
9.863500e-07	1.000035e+00
9.868050e-07	1.000035e+00
9.872600e-07	1.000035e+00
9.877150e-07	1.000035e+00
9.881700e-07	1.000035e+00
9.886250e-07	1.000035e+00
9.890800e-07	1.000035e+00
9.895350e-07	1.000035e+00
9.899900e-07	1.000035e+00
9.904450e-07	1.000035e+00
9.909000e-07	1.000035e+00
9.913550e-07	1.000035e+00
9.918100e-07	1.000035e+00
9.922650e-07	1.000035e+00
9.927200e-07	1.000035e+00
9.931750e-07	1.000035e+00
9.936300e-07	1.000035e+00
9.940850e-07	1.000035e+00
9.945400e-07	1.000035e+00
9.949950e-07	1.000035e+00
9.954500e-07	1.000035e+00
9.959050e-07	1.000035e+00
9.963600e-07	1.000035e+00
9.968150e-07	1.000035e+00
9.972700e-07	1.000035e+00
9.977250e-07	1.000035e+00
9.981800e-07	1.000035e+00
9.986350e-07	1.000035e+00
9.990900e-07	1.000035e+00
9.995450e-07	1.000035e+00
1.000000e-06	1.000035e+00